2.957797143608331680e-03
3.481506835669279099e-03
2.382773905992507935e-03
3.182732267305254936e-03
2.879538806155323982e-03
3.516721306368708611e-03
5.059021990746259689e-03
2.775508211925625801e-03
5.319700576364994049e-03
3.390384372323751450e-03
2.108365297317504883e-02
2.592189703136682510e-03
2.934722229838371277e-03
3.166113980114459991e-03
1.623099856078624725e-02
4.309487994760274887e-03
2.379224402830004692e-03
6.405664142221212387e-03
3.405281109735369682e-03
1.741614006459712982e-02
2.688899403437972069e-03
1.617178320884704590e-02
2.362985396757721901e-03
2.710343571379780769e-03
2.675592899322509766e-03
2.832842059433460236e-03
2.096176613122224808e-03
3.280729055404663086e-03
5.688936449587345123e-03
1.995334867388010025e-03
2.559397369623184204e-03
2.426092280074954033e-03
1.755707710981369019e-02
2.572311321273446083e-03
1.739755272865295410e-02
3.364872885867953300e-03
2.044842811301350594e-03
2.295242855325341225e-03
1.549814920872449875e-02
1.730762422084808350e-02
4.757321439683437347e-03
5.980927962809801102e-03
6.652308627963066101e-03
2.510488033294677734e-03
6.879886612296104431e-03
2.992964582517743111e-03
5.073519889265298843e-03
3.032256616279482841e-03
1.703651994466781616e-02
3.104063682258129120e-03
1.531090773642063141e-02
3.763969987630844116e-03
1.529355533421039581e-02
3.222450613975524902e-03
2.910174895077943802e-03
5.255979951471090317e-03
4.795399028807878494e-03
1.692462898790836334e-02
2.592231845483183861e-03
5.315260495990514755e-03
3.678745124489068985e-03
4.740912001579999924e-03
4.875626880675554276e-03
1.592630334198474884e-02
3.183972090482711792e-03
4.714031238108873367e-03
2.801403636112809181e-03
2.102806791663169861e-02
1.851891167461872101e-02
5.479119252413511276e-03
4.006964154541492462e-03
3.271847963333129883e-03
1.576712727546691895e-02
1.591089740395545959e-02
1.019367109984159470e-02
3.777527017518877983e-03
2.507772529497742653e-03
1.468215510249137878e-02
3.012850182130932808e-03
1.591063290834426880e-02
3.112313570454716682e-03
3.476828103885054588e-03
2.762972610071301460e-03
2.413758309558033943e-03
2.241146750748157501e-03
5.007066298276185989e-03
6.187282502651214600e-03
2.789118094369769096e-03
4.143176600337028503e-03
4.289120435714721680e-03
3.362239338457584381e-03
3.566096071153879166e-03
3.046724013984203339e-03
3.390428377315402031e-03
2.452635439112782478e-03
3.308302722871303558e-03
3.329764585942029953e-03
3.136360552161931992e-03
7.120127324014902115e-03
5.663289688527584076e-03
