2.128490014001727104e-03
1.260208617895841599e-02
7.862349040806293488e-03
8.330926299095153809e-03
2.797449473291635513e-03
1.670424640178680420e-02
1.463194098323583603e-02
3.028279868885874748e-03
7.991940714418888092e-03
8.463706821203231812e-03
1.774518936872482300e-02
5.692310165613889694e-03
7.089735008776187897e-03
5.477125290781259537e-03
1.546199992299079895e-02
9.357502683997154236e-03
4.393958020955324173e-03
5.913612898439168930e-03
3.082755720242857933e-03
1.933921687304973602e-02
1.607435569167137146e-02
6.187457125633955002e-03
7.142232730984687805e-03
3.080530557781457901e-03
4.895290359854698181e-03
4.433681257069110870e-03
1.641072332859039307e-02
1.568857580423355103e-02
6.935445126146078110e-03
3.913674037903547287e-03
1.490758825093507767e-02
7.743846625089645386e-03
6.015241146087646484e-03
4.486490972340106964e-03
2.671699970960617065e-03
9.893670678138732910e-03
1.105704624205827713e-02
9.326661005616188049e-03
1.035853940993547440e-02
1.255593821406364441e-02
1.082399953156709671e-02
9.761326946318149567e-03
6.752875633537769318e-03
2.441395074129104614e-03
1.454713847488164902e-02
1.106966473162174225e-02
7.798986975103616714e-03
6.648091133683919907e-03
1.219526492059230804e-02
1.599359884858131409e-02
1.883497275412082672e-02
1.371710561215877533e-02
6.905414629727602005e-03
1.189921889454126358e-02
1.011251565068960190e-02
7.641942240297794342e-03
6.315801758319139481e-03
4.103472921997308731e-03
2.659507328644394875e-03
8.229757659137248993e-03
1.336765103042125702e-02
6.881788372993469238e-03
8.057525381445884705e-03
1.210061646997928619e-02
8.891760371625423431e-03
9.732473641633987427e-03
2.085886429995298386e-03
1.230322662740945816e-02
3.828838001936674118e-03
1.717424020171165466e-02
1.213170681148767471e-02
7.230546791106462479e-03
3.775220364332199097e-03
1.615543104708194733e-02
7.862529717385768890e-03
7.585244718939065933e-03
5.345779936760663986e-03
8.497195318341255188e-03
1.524166855961084366e-02
1.541770156472921371e-02
7.521871011704206467e-03
4.962607752531766891e-03
5.395407322794198990e-03
2.201485447585582733e-03
6.093268748372793198e-03
7.408685982227325439e-03
1.591466739773750305e-02
8.437741547822952271e-03
1.654072850942611694e-02
4.422044381499290466e-03
1.729740202426910400e-02
7.398319430649280548e-03
4.424069076776504517e-03
4.762476310133934021e-03
1.532853860408067703e-02
3.925925586372613907e-03
3.000320633873343468e-03
1.069315057247877121e-02
7.370381616055965424e-03
1.053917407989501953e-02
